[
	{
		"processId": 1,
		"fetchlist": [339, 506, 213, 377, 14, 356, 172, 90, 276, 287, 157, 104, 269, 175, 196, 133, 311, 57, 225, 30, 493, 389, 261, 26, 500, 393, 320, 156, 374, 224, 275, 184, 488, 338, 77, 28, 277, 181, 436, 220, 473, 462, 51, 405, 504, 270, 63, 25, 315, 335, 440, 415, 39, 390, 24, 187, 448, 375, 128, 410, 167, 364, 355, 160, 79, 474, 451, 154, 418, 56, 332, 74, 140, 409, 317, 101, 371, 380, 487, 263, 466, 248, 328, 124, 430, 33, 464, 325, 395, 71, 214, 152, 253, 344, 215, 295, 144, 279, 238, 179, 139, 322, 365, 100, 477, 465, 292, 413, 479, 278, 31, 331, 428, 437, 456, 12, 4, 73, 109, 107, 426, 321, 359, 230, 368, 494, 146, 298, 507, 468, 452, 76, 226, 108, 114, 255, 203, 38, 443, 268, 439, 148, 330, 435, 294, 361, 95, 309, 381, 119, 258, 431, 87, 48, 457, 75, 202, 470, 396, 416, 357, 249, 246, 484, 46, 162, 120, 499, 302, 447, 391, 382, 227, 45, 94, 455, 190, 159, 216, 319, 384, 80, 429, 397, 169, 58, 192, 343, 135, 134, 427, 498, 348, 29, 11, 489, 153, 304, 347, 289, 501, 438, 425, 303, 281, 86, 458, 222, 297, 182, 208, 341, 219, 445, 366, 211, 243, 358, 285, 376, 1, 27, 62, 363, 106, 467, 186, 60, 346, 373, 471, 99, 3, 254, 207, 116, 480, 240, 392, 509, 195, 251, 385, 97, 423, 55, 398, 180, 444, 13, 52, 89, 88, 150, 102, 259, 122, 155, 41, 280, 110, 300, 37, 53, 272, 237, 379, 495, 42, 234, 96, 40, 70, 307, 22, 260, 404, 138, 68, 283, 161, 10, 421, 35, 69, 324, 92, 130, 242, 201, 354, 141, 329, 433, 252, 369, 147, 459, 453, 340, 406, 19, 454, 2, 112, 66, 123, 432, 403, 497, 461, 502, 221, 351, 267, 197, 257, 231, 235, 163, 98, 274, 414, 210, 286, 212, 217, 273, 177, 164, 483, 305, 352, 353, 314, 0, 310, 18, 337, 442, 469, 419, 266, 362, 491, 166, 232, 370, 233, 50, 372, 407, 5, 386, 312, 111, 245, 229, 349, 127, 194, 149, 47, 23, 91, 360, 318, 228, 247, 158, 174, 151, 383, 85, 296, 241, 313, 446, 193, 388, 350, 78, 113, 16, 223, 131, 21, 64, 84, 198, 209, 264, 503, 476, 326, 282, 424, 126, 72, 262, 333, 125, 463, 511, 244, 49, 408, 218, 105, 137, 291, 342, 508, 67, 171, 420, 450, 306, 345, 200, 115, 308, 496, 189, 478, 129, 301, 387, 449, 334, 44, 117, 34, 145, 173, 417, 61, 118, 284, 170, 59, 8, 299, 492, 316, 206, 422, 43, 236, 185, 93, 256, 290, 168, 143, 83, 441, 132, 399, 199, 178, 15, 20, 103, 485, 205, 271, 32, 142, 9, 54, 81, 36, 204, 121, 486, 481, 400, 323, 17, 472, 288, 239, 460, 434, 401, 505, 482, 336, 402, 411, 490, 65, 165, 378, 183, 293, 7, 176, 327, 188, 394, 250, 265, 136, 412, 6, 367, 82, 475, 510, 191]
	},
	{
		"processId": 2,
		"fetchlist": [26, 223, 123, 151, 155, 130, 58, 146, 5, 190, 17, 228, 165, 3, 49, 48, 120, 143, 171, 98, 70, 15, 216, 19, 86, 33, 59, 241, 195, 187, 116, 46, 208, 10, 218, 129, 32, 31, 145, 226, 105, 203, 63, 51, 77, 235, 177, 71, 221, 132, 167, 75, 248, 153, 134, 81, 238, 38, 54, 246, 205, 52, 7, 2, 196, 183, 50, 23, 240, 20, 168, 9, 154, 95, 83, 244, 157, 96, 131, 100, 251, 233, 102, 122, 29, 253, 185, 209, 172, 28, 236, 156, 61, 62, 141, 128, 201, 200, 80, 119, 192, 255, 126, 68, 188, 144, 158, 219, 198, 182, 112, 118, 73, 231, 243, 24, 67, 35, 88, 42, 136, 245, 224, 111, 174, 159, 65, 60, 193, 139, 107, 170, 43, 161, 162, 56, 239, 11, 149, 39, 194, 213, 44, 76, 247, 115, 160, 212, 214, 85, 207, 117, 186, 109, 230, 0, 114, 99, 4, 92, 12, 18, 142, 242, 34, 25, 164, 125, 175, 197, 227, 16, 57, 249, 14, 110, 22, 133, 163, 217, 202, 234, 176, 8, 220, 45, 127, 135, 191, 147, 204, 148, 106, 84, 13, 229, 181, 252, 169, 40, 178, 232, 180, 166, 113, 89, 41, 138, 179, 78, 1, 124, 69, 6, 103, 104, 150, 93, 108, 21, 215, 140, 47, 254, 121, 189, 237, 82, 90, 101, 152, 137, 94, 66, 222, 72, 74, 55, 37, 64, 250, 97, 210, 91, 199, 173, 53, 36, 79, 211, 225, 27, 30, 206, 184, 87]
	},
	{
		"processId": 3,
		"fetchlist": [242, 925, 17, 529, 298, 753, 88, 269, 811, 409, 21, 484, 367, 639, 325, 329, 444, 658, 497, 755, 245, 70, 250, 241, 195, 375, 401, 826, 637, 222, 864, 315, 431, 508, 60, 663, 863, 822, 690, 900, 910, 804, 510, 991, 904, 170, 621, 725, 360, 63, 261, 64, 127, 257, 839, 291, 932, 681, 211, 611, 579, 338, 217, 748, 950, 994, 758, 865, 626, 106, 933, 505, 381, 188, 1004, 438, 883, 167, 391, 836, 808, 114, 140, 428, 297, 939, 705, 201, 474, 374, 961, 669, 150, 984, 230, 495, 561, 906, 856, 661, 463, 491, 633, 793, 511, 278, 14, 703, 530, 577, 124, 643, 740, 784, 128, 707, 204, 54, 944, 888, 843, 630, 98, 810, 1016, 143, 716, 997, 311, 419, 964, 251, 937, 203, 537, 683, 947, 335, 368, 498, 43, 102, 656, 555, 320, 584, 641, 747, 76, 877, 379, 225, 824, 282, 259, 718, 415, 604, 595, 279, 764, 506, 189, 493, 853, 881, 940, 921, 770, 913, 955, 231, 382, 610, 502, 934, 194, 557, 149, 601, 178, 260, 209, 418, 24, 349, 622, 799, 302, 118, 83, 1017, 720, 358, 857, 199, 436, 1006, 806, 545, 685, 680, 968, 126, 165, 13, 501, 482, 564, 258, 223, 1011, 74, 468, 377, 512, 237, 651, 648, 835, 880, 812, 215, 587, 7, 292, 847, 385, 756, 66, 706, 90, 603, 55, 233, 334, 137, 449, 528, 1008, 142, 238, 422, 646, 908, 859, 240, 972, 744, 613, 171, 628, 191, 645, 850, 688, 28, 677, 522, 981, 112, 89, 1001, 420, 400, 795, 953, 266, 589, 796, 571, 586, 406, 356, 69, 398, 593, 399, 369, 341, 874, 866, 876, 434, 342, 909, 207, 988, 205, 407, 1020, 973, 951, 392, 248, 879, 254, 998, 697, 963, 280, 802, 800, 858, 967, 788, 324, 26, 82, 775, 113, 696, 239, 1018, 642, 970, 72, 962, 722, 590, 336, 488, 958, 6, 198, 929, 119, 386, 424, 354, 476, 798, 801, 172, 719, 1019, 156, 872, 982, 318, 780, 303, 439, 247, 692, 576, 405, 235, 789, 938, 954, 105, 210, 787, 623, 560, 570, 397, 331, 486, 362, 371, 146, 459, 575, 655, 437, 305, 751, 712, 323, 73, 343, 536, 860, 803, 317, 184, 503, 34, 350, 833, 1023, 265, 662, 609, 86, 671, 141, 435, 846, 202, 116, 455, 36, 523, 741, 166, 446, 916, 416, 774, 814, 454, 870, 1003, 840, 151, 1021, 830, 219, 8, 445, 363, 487, 745, 734, 267, 372, 164, 737, 592, 370, 45, 41, 39, 174, 519, 161, 848, 175, 117, 687, 975, 517, 892, 868, 971, 361, 56, 129, 819, 735, 388, 101, 99, 85, 573, 154, 496, 383, 187, 433, 625, 759, 743, 673, 458, 181, 588, 832, 805, 200, 791, 665, 453, 319, 77, 768, 208, 262, 704, 448, 359, 1012, 163, 650, 608, 550, 978, 470, 790, 327, 893, 761, 539, 35, 62, 542, 889, 851, 726, 10, 394, 158, 827, 514, 328, 1005, 442, 521, 670, 30, 532, 403, 930, 794, 322, 295, 708, 985, 821, 614, 854, 664, 782, 1002, 255, 313, 40, 32, 157, 686, 928, 869, 284, 271, 316, 878, 185, 272, 738, 473, 138, 31, 638, 701, 546, 714, 115, 268, 882, 472, 364, 781, 959, 252, 499, 763, 25, 53, 897, 731, 890, 541, 22, 52, 654, 380, 306, 838, 644, 80, 123, 186, 226, 760, 594, 471, 451, 494, 831, 540, 308, 754, 816, 263, 619, 58, 48, 134, 525, 108, 684, 762, 243, 668, 290, 294, 919, 94, 425, 270, 441, 373, 33, 107, 12, 729, 817, 829, 339, 989, 193, 605, 47, 907, 724, 834, 533, 67, 730, 779, 38, 93, 689, 125, 310, 699, 68, 429, 321, 366, 84, 333, 447, 867, 548, 79, 430, 500, 37, 190, 411, 711, 426, 772, 340, 837, 145, 365, 404, 927, 133, 553, 554, 337, 5, 314, 492, 580, 922, 162, 1022, 885, 464, 389, 568, 1009, 357, 1014, 483, 131, 852, 46, 3, 440, 412, 813, 600, 15, 952, 480, 229, 18, 110, 44, 965, 657, 666, 312, 966, 777, 598, 624, 920, 300, 71, 901, 574, 632, 636, 276, 949, 9, 894, 111, 515, 216, 197, 396, 57, 667, 326, 352, 992, 153, 152, 558, 524, 862, 465, 990, 410, 792, 395, 640, 427, 120, 423, 914, 214, 674, 155, 450, 95, 809, 100, 926, 414, 631, 264, 634, 551, 710, 228, 432, 979, 750, 160, 50, 693, 585, 602, 773, 456, 627, 273, 905, 660, 11, 136, 823, 81, 526, 518, 538, 936, 466, 597, 559, 820, 565, 159, 0, 20, 452, 61, 224, 467, 355, 387, 616, 277, 647, 289, 176, 727, 475, 976, 695, 895, 902, 283, 196, 51, 778, 678, 509, 672, 757, 351, 148, 977, 147, 1007, 649, 535, 993, 543, 912, 591, 945, 490, 896, 918, 299, 771, 946, 504, 691, 617, 206, 746, 103, 652, 179, 348, 607, 236, 296, 479, 915, 739, 23, 698, 599, 256, 736, 717, 702, 767, 629, 776, 59, 180, 182, 999, 873, 177, 489, 347, 547, 899, 301, 815, 393, 92, 1015, 898, 244, 825, 213, 566, 615, 75, 715, 122, 807, 996, 183, 309, 957, 307, 620, 281, 572, 29, 612, 732, 765, 871, 109, 78, 884, 923, 173, 948, 861, 16, 234, 232, 855, 332, 886, 549, 353, 330, 969, 376, 218, 4, 960, 785, 694, 941, 842, 943, 378, 96, 875, 682, 742, 903, 408, 582, 653, 478, 845, 1, 516, 766, 384, 144, 513, 891, 477, 956, 676, 828, 797, 700, 569, 635, 135, 578, 246, 596, 42, 887, 132, 121, 249, 709, 413, 618, 275, 344, 417, 721, 462, 2, 469, 293, 723, 168, 139, 286, 562, 304, 481, 1000, 221, 461, 749, 567, 563, 980, 713, 402, 27, 457, 285, 534, 1013, 728, 1010, 253, 212, 995, 288, 97, 769, 911, 924, 485, 931, 220, 507, 390, 935, 192, 659, 556, 849, 169, 443, 91, 606, 942, 527, 752, 346, 104, 421, 818, 531, 841, 227, 65, 19, 783, 974, 130, 917, 87, 583, 552, 987, 986, 786, 733, 460, 581, 544, 287, 345, 983, 49, 679, 274, 844, 675, 520]
	},
	{
		"processId": 4,
		"fetchlist": [356, 485, 119, 7, 101, 493, 378, 188, 36, 239, 436, 39, 207, 367, 194, 466, 93, 94, 183, 363, 266, 339, 377, 483, 195, 494, 162, 111, 328, 304, 135, 41, 103, 305, 247, 316, 98, 65, 260, 456, 404, 376, 431, 502, 71, 102, 451, 18, 498, 6, 455, 81, 126, 219, 426, 136, 368, 43, 97, 45, 462, 113, 197, 89, 271, 503, 491, 452, 288, 324, 474, 359, 88, 417, 507, 32, 322, 296, 406, 75, 499, 190, 299, 374, 244, 138, 90, 149, 399, 478, 66, 216, 100, 446, 375, 311, 52, 287, 400, 117, 46, 424, 176, 34, 133, 53, 473, 228, 96, 373, 281, 91, 434, 55, 335, 268, 141, 454, 315, 180, 471, 57, 347, 153, 443, 398, 70, 121, 173, 78, 511, 312, 28, 461, 248, 366, 251, 258, 74, 293, 428, 269, 470, 23, 144, 223, 129, 105, 403, 477, 332, 435, 69, 11, 380, 340, 370, 490, 407, 278, 145, 210, 19, 159, 249, 221, 500, 1, 352, 297, 83, 137, 246, 422, 37, 56, 450, 261, 362, 42, 342, 468, 504, 164, 4, 184, 416, 38, 236, 8, 12, 155, 123, 405, 209, 441, 174, 225, 211, 401, 84, 146, 482, 112, 327, 169, 114, 25, 30, 143, 486, 92, 364, 33, 484, 29, 58, 122, 465, 124, 476, 432, 178, 509, 290, 9, 187, 354, 26, 479, 421, 165, 189, 395, 259, 447, 60, 154, 199, 212, 397, 430, 319, 191, 303, 44, 438, 204, 128, 205, 270, 175, 264, 475, 429, 156, 351, 453, 229, 481, 409, 151, 193, 95, 217, 508, 307, 150, 132, 387, 72, 254, 192, 326, 282, 131, 396, 420, 413, 276, 382, 198, 196, 480, 240, 383, 495, 389, 116, 433, 336, 343, 317, 323, 64, 501, 54, 333, 0, 298, 402, 510, 265, 427, 241, 17, 85, 325, 391, 355, 168, 291, 224, 388, 353, 215, 160, 256, 76, 152, 279, 61, 82, 344, 415, 86, 35, 21, 309, 419, 440, 381, 87, 274, 371, 14, 24, 73, 243, 505, 273, 118, 464, 220, 245, 460, 80, 295, 120, 358, 414, 284, 294, 386, 496, 250, 13, 263, 489, 318, 235, 226, 285, 331, 385, 148, 361, 238, 348, 186, 262, 411, 115, 472, 286, 393, 231, 16, 346, 280, 492, 330, 408, 59, 334, 459, 40, 410, 158, 497, 62, 20, 50, 463, 172, 214, 320, 140, 329, 182, 48, 506, 418, 107, 206, 349, 384, 109, 15, 227, 218, 157, 202, 22, 125, 372, 166, 313, 27, 292, 134, 47, 390, 200, 289, 412, 425, 301, 110, 255, 252, 277, 457, 130, 267, 67, 360, 444, 437, 357, 257, 272, 488, 306, 68, 147, 369, 177, 487, 283, 51, 106, 275, 423, 167, 49, 300, 139, 185, 232, 63, 208, 242, 379, 3, 467, 365, 394, 308, 310, 233, 108, 31, 321, 127, 230, 79, 142, 181, 10, 445, 2, 201, 469, 314, 170, 237, 448, 99, 392, 337, 449, 439, 338, 163, 179, 302, 203, 234, 222, 253, 171, 213, 442, 458, 341, 5, 350, 77, 345, 104, 161]

	}
]